link_0.5: 1861.2902902902904, 944.6800062084228, 7600, 0.0, 0.0
link_0.1: 2184.5095095095094, 1343.9286170728888, 9466, 0.0, 0.0
link_0.08: 2177.6306306306305, 1313.8444862451338, 9643, 0.0, 0.0
link_0.01: 2694.3293293293295, 1841.9631969911127, 23287, 0.0, 0.0
link_0.05: 2620.233233233233, 2466.1328617794716, 21991, 0.01, 0.09949874371066199
link_0.06: 2409.3983983983985, 2007.7207889055792, 13140, 0.0, 0.0
link_0.005: 4097.08008008008, 4382.2738158632965, 79115, 0.01, 0.09949874371066199
iso_0.08: 2312.022022022022, 1071.1643966638342, 8836, 0.0, 0.0
iso_0.1: 2216.4944944944946, 1231.6546321321462, 8670, 0.0, 0.0
iso_0.5: 1607.6266266266266, 1145.5265255560362, 8568, 0.0, 0.0
iso_0.05: 3373.5755755755754, 1991.8517518744936, 24056, 0.0, 0.0
iso_0.01: 5665.721721721722, 3285.792293211098, 53505, 0.01, 0.09949874371066199
iso_0.06: 3086.7957957957956, 2414.7491228367358, 16414, 0.0, 0.0
iso_0.005: 8820.96896896897, 4041.90456533087, 559113, 0.04, 0.19595917942265428